0 1
0 2
0 4
0 5
0 7
0 9
0 10
0 11
0 16
0 17
0 21
0 26
0 27
0 28
0 39
1 0
1 2
1 4
1 5
1 6
1 12
1 15
1 19
1 30
2 0
2 1
2 3
2 6
2 7
2 8
2 10
3 2
3 9
3 14
3 15
4 0
4 12
4 13
4 22
4 23
4 35
5 1
5 0
5 18
5 21
6 1
6 2
6 16
6 25
6 38
7 0
7 2
8 2
8 25
8 27
9 0
9 3
9 33
10 2
10 0
10 11
10 13
10 14
10 18
10 20
10 22
10 23
10 24
10 26
10 28
10 31
10 32
10 34
10 37
10 39
11 0
11 10
12 1
12 4
13 4
13 10
14 10
14 3
14 19
14 31
15 3
15 1
16 0
16 6
16 32
16 35
16 38
17 0
17 20
18 5
18 10
18 24
18 29
18 36
19 14
19 1
20 17
20 10
20 33
20 37
21 0
21 5
21 29
21 36
22 4
22 10
23 10
23 4
24 18
24 10
25 8
25 6
25 34
26 0
26 10
27 0
27 8
28 10
28 0
29 18
29 21
29 30
30 29
30 1
31 10
31 14
32 16
32 10
33 20
33 9
34 10
34 25
35 16
35 4
36 21
36 18
37 10
37 20
38 6
38 16
39 0
39 10

