2228 1
2252 1
2263 1
2267 1
2271 1
2278 1
2281 1
2283 1
2284 1
2285 1
2286 1
2290 2
2291 3
2292 1
2293 1
2294 3
2296 2
2297 1
2298 7
2299 4
2300 1
2301 1
2302 1
2303 3
2304 5
2305 4
2306 3
2307 3
2308 6
2309 4
2310 8
2311 2
2312 4
2313 2
2314 9
2315 7
2316 3
2317 4
2318 3
2319 3
2320 5
2321 2
2322 2
2323 13
2324 8
2325 9
2326 8
2327 7
2328 12
2329 5
2330 11
2331 13
2332 8
2333 14
2334 9
2335 15
2336 17
2337 10
2338 15
2339 19
2340 11
2341 17
2342 10
2343 20
2344 20
2345 13
2346 17
2347 20
2348 15
2349 20
2350 19
2351 12
2352 20
2353 27
2354 18
2355 22
2356 21
2357 23
2358 15
2359 29
2360 28
2361 23
2362 27
2363 25
2364 29
2365 25
2366 27
2367 17
2368 33
2369 31
2370 33
2371 23
2372 38
2373 39
2374 36
2375 34
2376 35
2377 32
2378 38
2379 29
2380 31
2381 37
2382 42
2383 40
2384 36
2385 35
2386 31
2387 34
2388 32
2389 30
2390 36
2391 43
2392 41
2393 44
2394 30
2395 50
2396 38
2397 34
2398 34
2399 45
2400 43
2401 34
2402 54
2403 32
2404 38
2405 52
2406 30
2407 43
2408 46
2409 40
2410 31
2411 32
2412 35
2413 35
2414 36
2415 30
2416 36
2417 42
2418 32
2419 37
2420 25
2421 42
2422 39
2423 40
2424 30
2425 25
2426 35
2427 37
2428 27
2429 36
2430 30
2431 25
2432 23
2433 15
2434 21
2435 24
2436 20
2437 18
2438 15
2439 25
2440 30
2441 25
2442 25
2443 21
2444 21
2445 20
2446 14
2447 16
2448 19
2449 17
2450 15
2451 20
2452 11
2453 19
2454 11
2455 12
2456 19
2457 19
2458 14
2459 22
2460 13
2461 13
2462 14
2463 8
2464 16
2465 7
2466 11
2467 15
2468 9
2469 8
2470 6
2471 10
2472 7
2473 4
2474 13
2475 10
2476 10
2477 8
2478 11
2479 3
2480 1
2481 5
2482 4
2483 2
2484 9
2485 3
2486 6
2487 4
2488 7
2489 6
2490 1
2491 1
2492 2
2494 5
2495 1
2496 1
2497 1
2498 1
2499 2
2501 3
2502 1
2503 2
2505 3
2506 1
2507 1
2508 2
2511 1
2514 3
2515 2
2516 1
2517 2
2523 2
2526 1
2527 2
2528 1
2529 1
2534 2
2536 1
2541 1
2545 1
2573 1
