0 9
0 19
1 20
1 30
1 37
2 4
2 19
2 30
2 33
3 25
3 27
3 30
3 32
4 2
5 26
5 34
5 37
6 16
6 22
6 34
7 13
7 16
7 29
7 35
7 37
7 38
8 9
8 20
8 29
9 0
9 8
9 17
9 20
9 29
9 30
9 31
10 11
10 38
11 10
11 14
11 20
11 30
11 37
13 7
13 24
13 37
13 39
14 11
14 20
14 27
14 28
14 31
14 36
15 20
16 6
16 7
16 20
16 24
17 9
17 20
17 29
17 33
19 0
19 2
19 20
19 22
19 30
20 1
20 8
20 9
20 11
20 14
20 15
20 16
20 17
20 19
20 26
20 35
21 26
21 28
22 6
22 19
22 30
22 38
23 24
23 32
23 34
23 37
24 13
24 16
24 23
25 3
26 5
26 20
26 21
26 28
26 34
27 3
27 14
27 33
27 35
28 14
28 21
28 26
28 32
29 7
29 8
29 9
29 17
29 36
30 1
30 2
30 3
30 9
30 11
30 19
30 22
30 31
31 9
31 14
31 30
31 33
32 3
32 23
32 28
32 38
33 2
33 17
33 27
33 31
34 5
34 6
34 23
34 26
34 36
35 7
35 20
35 27
36 14
36 29
36 34
37 1
37 5
37 7
37 11
37 13
37 23
38 7
38 10
38 22
38 32
39 13

