0 38
0 39
0 1
0 9
0 15
1 0
2 5
2 3
3 2
3 32
4 7
4 5
4 22
5 9
5 4
5 2
5 17
6 9
6 7
6 8
6 27
7 6
7 8
7 9
7 4
7 23
7 39
8 6
8 7
8 9
8 10
8 19
9 7
9 8
9 10
9 11
9 0
9 5
9 6
10 8
10 9
10 11
10 12
10 34
11 9
11 10
11 12
11 13
12 10
12 11
12 25
12 14
12 22
13 11
13 15
14 12
14 30
14 15
14 16
15 13
15 14
15 0
15 23
15 30
16 14
16 17
16 18
16 39
17 5
17 16
17 18
17 31
18 16
18 17
18 19
18 20
18 36
19 18
19 20
19 21
19 8
20 18
20 19
20 21
20 22
20 31
21 19
21 20
22 20
22 12
22 4
22 24
22 25
23 15
23 24
23 7
23 33
23 39
24 22
24 23
24 26
24 33
25 22
25 26
25 34
25 12
26 24
26 25
26 28
26 33
27 35
27 6
27 28
27 39
28 26
28 27
28 29
28 30
29 28
29 30
29 37
30 28
30 29
30 31
30 15
30 14
31 20
31 30
31 32
31 33
31 17
32 31
32 3
33 31
33 26
33 24
33 23
34 10
34 36
34 25
35 36
35 37
35 27
36 34
36 35
36 18
36 38
37 35
37 38
37 29
38 36
38 37
38 39
38 0
39 16
39 38
39 0
39 23
39 7
39 27
