0 38
0 3
0 1
0 2
0 11
1 7
1 0
1 2
1 3
1 29
2 0
2 1
2 3
2 4
2 12
2 16
3 1
3 2
3 4
3 17
3 0
3 14
4 2
4 3
4 24
4 12
4 35
5 6
5 7
5 36
6 5
6 8
7 5
7 8
7 1
7 19
7 21
8 6
8 7
8 19
8 10
9 16
9 10
9 21
9 23
10 8
10 9
11 0
11 12
11 13
11 14
12 2
12 11
12 13
12 4
13 11
13 12
13 14
13 15
13 31
13 39
14 3
14 13
14 11
15 13
15 16
16 2
16 15
16 17
16 18
16 9
17 16
17 18
17 3
18 16
18 17
18 19
18 20
18 21
19 7
19 18
19 20
19 8
20 18
20 19
20 22
20 26
21 7
21 18
21 22
21 23
21 9
21 32
22 20
22 21
22 23
23 21
23 22
23 24
23 9
23 25
23 34
23 36
24 23
24 25
24 26
24 4
24 30
25 24
25 26
25 27
25 23
26 24
26 25
26 27
26 28
26 20
27 25
27 26
27 28
28 26
28 27
28 29
29 1
29 28
29 30
29 31
30 24
30 29
30 31
30 32
31 29
31 30
31 33
31 13
32 30
32 21
32 33
33 31
33 32
33 34
33 35
34 33
34 23
35 33
35 4
35 38
36 5
36 23
36 37
36 38
37 36
37 38
37 39
38 36
38 37
38 0
38 35
39 37
39 13

