0 32
0 26
1 39
1 2
1 3
1 17
1 36
2 1
2 5
2 9
2 11
3 1
3 6
3 39
4 5
4 31
4 35
5 4
5 7
5 2
5 29
6 21
6 3
6 25
6 27
7 5
7 8
7 36
7 30
7 32
8 7
8 35
8 37
8 38
9 10
9 2
9 38
10 9
10 21
10 34
10 14
10 32
10 33
11 12
11 2
11 16
11 26
11 37
12 11
12 13
12 38
13 12
13 15
13 37
14 10
14 18
14 16
14 28
15 13
15 19
15 21
16 14
16 26
16 11
17 1
17 18
17 20
17 32
18 23
18 17
18 19
18 20
18 14
19 18
19 15
20 18
20 28
20 22
20 17
20 24
20 29
20 34
20 39
21 22
21 15
21 6
21 10
21 23
21 28
21 30
21 36
22 20
22 21
23 35
23 21
23 18
23 25
23 27
23 34
24 25
24 20
25 24
25 23
25 6
26 0
26 11
26 38
26 16
27 23
27 6
28 14
28 30
28 32
28 20
28 21
29 5
29 30
29 20
29 33
30 28
30 29
30 7
30 21
30 37
31 4
32 10
32 7
32 17
32 0
32 28
33 35
33 10
33 29
34 23
34 36
34 10
34 20
34 35
35 33
35 4
35 23
35 34
35 8
36 34
36 21
36 7
36 1
37 11
37 13
37 8
37 30
37 38
38 9
38 8
38 12
38 26
38 37
39 3
39 1
39 20

